TX: 15:37:50	7E A0 07 03 21 93 0F 01 7E
RX: 15:37:50	7E A0 1E 21 03 73 C3 7A 81 80 12 05 01 80 06 01 80 07 04 00 00 00 01 08 04 00 00 00 01 53 3B 7E
TX: 15:37:50	7E A0 2B 03 21 10 FB AF E6 E6 00 60 1D A1 09 06 07 60 85 74 05 08 01 01 BE 10 04 0E 01 00 00 00 06 5F 1F 04 00 40 1E 5D FF FF 91 23 7E
RX: 15:37:50	7E A0 37 21 03 30 6C 7C E6 E7 00 61 29 A1 09 06 07 60 85 74 05 08 01 01 A2 03 02 01 00 A3 05 A1 03 02 01 00 BE 10 04 0E 08 00 06 5F 1F 04 00 00 00 10 03 40 00 07 D1 F0 7E
TX: 15:37:50	7E A0 19 03 21 32 6F D8 E6 E6 00 C0 01 C1 00 0F 00 00 28 00 00 FF 02 00 91 53 7E
RX: 15:37:50	7E A8 89 21 03 52 86 A9 E6 E7 00 C4 01 C1 00 01 09 02 04 12 00 0F 11 01 09 06 00 00 28 00 00 FF 02 02 01 09 02 03 0F 01 16 01 00 02 03 0F 02 16 01 00 02 03 0F 03 16 01 00 02 03 0F 04 16 01 00 02 03 0F 05 16 01 00 02 03 0F 06 16 01 00 02 03 0F 07 16 00 00 02 03 0F 08 16 01 00 02 03 0F 09 16 00 00 01 04 02 02 0F 01 16 01 02 02 0F 02 16 01 02 02 0F 03 16 01 02 02 0F 04 16 01 02 04 12 00 01 11 00 09 06 00 00 B0 55 7E
TX: 15:37:50	7E A0 07 03 21 51 11 E4 7E
RX: 15:37:50	7E A8 89 21 03 54 B0 CC 2A 00 00 FF 02 02 01 02 02 03 0F 01 16 01 00 02 03 0F 02 16 01 00 01 00 02 04 12 00 01 11 00 09 06 00 00 60 01 00 FF 02 02 01 02 02 03 0F 01 16 01 00 02 03 0F 02 16 01 00 01 00 02 04 12 00 01 11 00 09 06 00 00 2B 01 02 FF 02 02 01 02 02 03 0F 01 16 01 00 02 03 0F 02 16 01 00 01 00 02 04 12 00 01 11 00 09 06 00 00 2B 01 03 FF 02 02 01 02 02 03 0F 01 16 01 00 02 03 0F 02 16 01 00 01 FD 91 7E
TX: 15:37:50	7E A0 07 03 21 71 13 C5 7E
RX: 15:37:50	7E A8 89 21 03 56 A2 EF 00 02 04 12 00 01 11 00 09 06 00 00 2B 01 04 FF 02 02 01 02 02 03 0F 01 16 01 00 02 03 0F 02 16 01 00 01 00 02 04 12 00 01 11 00 09 06 00 00 2B 01 05 FF 02 02 01 02 02 03 0F 01 16 01 00 02 03 0F 02 16 01 00 01 00 02 04 12 00 08 11 00 09 06 00 00 01 00 00 FF 02 02 01 09 02 03 0F 01 16 01 00 02 03 0F 02 16 01 00 02 03 0F 03 16 01 00 02 03 0F 04 16 01 00 02 03 0F 05 16 01 00 02 03 0F EA 28 7E
TX: 15:37:50	7E A0 07 03 21 91 1D 22 7E
RX: 15:37:50	7E A8 89 21 03 58 DC 06 06 16 01 00 02 03 0F 07 16 01 00 02 03 0F 08 16 01 00 02 03 0F 09 16 01 00 01 06 02 02 0F 01 16 00 02 02 0F 02 16 00 02 02 0F 03 16 00 02 02 0F 04 16 00 02 02 0F 05 16 00 02 02 0F 06 16 00 02 04 12 00 0F 11 01 09 06 00 00 28 00 01 FF 02 02 01 09 02 03 0F 01 16 01 00 02 03 0F 02 16 01 00 02 03 0F 03 16 01 00 02 03 0F 04 16 01 00 02 03 0F 05 16 01 00 02 03 0F 06 16 01 00 02 03 0F 07 C0 9D 7E
TX: 15:37:50	7E A0 07 03 21 B1 1F 03 7E
RX: 15:37:50	7E A0 34 21 03 5A FD 95 16 00 00 02 03 0F 08 16 01 00 02 03 0F 09 16 00 00 01 04 02 02 0F 01 16 01 02 02 0F 02 16 01 02 02 0F 03 16 01 02 02 0F 04 16 01 65 A3 7E
TX: 15:37:50	7E A0 19 03 21 D4 57 5A E6 E6 00 C0 01 C1 00 01 00 00 2B 01 04 FF 02 00 91 FD 7E
RX: 15:37:50	7E A0 15 21 03 7C 21 42 E6 E7 00 C4 01 C1 00 06 00 00 00 3E 80 C0 7E
